#Timber#####Iron#####Other Metals#####Minerals##
#Historical Series#Scenario 1#Scenario 2###Historical Series#Scenario 1#Scenario 2###Historical Series#Scenario 1#Scenario 2###Historical Series#Scenario 1#Scenario 2
1930#38.66%#####3.10%#####2.93%#####55.31%##
1931#37.79%#####3.06%#####2.93%#####56.22%##
1932#37.12%#####3.01%#####2.91%#####56.95%##
1933#36.55%#####2.98%#####2.91%#####57.56%##
1934#35.90%#####2.95%#####2.90%#####58.25%##
1935#35.32%#####2.92%#####2.89%#####58.86%##
1936#34.54%#####2.90%#####2.88%#####59.68%##
1937#33.78%#####2.90%#####2.88%#####60.44%##
1938#33.02%#####2.85%#####2.87%#####61.25%##
1939#32.24%#####2.82%#####2.87%#####62.08%##
1940#31.47%#####2.80%#####2.88%#####62.85%##
1941#30.63%#####2.80%#####2.88%#####63.70%##
1942#29.78%#####2.80%#####2.88%#####64.54%##
1943#29.11%#####2.81%#####2.90%#####65.18%##
1944#28.55%#####2.83%#####2.92%#####65.70%##
1945#27.96%#####2.84%#####2.94%#####66.27%##
1946#27.29%#####2.81%#####2.91%#####66.99%##
1947#26.56%#####2.79%#####2.89%#####67.75%##
1948#25.85%#####2.78%#####2.87%#####68.50%##
1949#25.12%#####2.76%#####2.85%#####69.27%##
1950#24.41%#####2.74%#####2.83%#####70.02%##
1951#23.67%#####2.73%#####2.79%#####70.81%##
1952#22.96%#####2.69%#####2.75%#####71.60%##
1953#22.26%#####2.68%#####2.72%#####72.34%##
1954#21.51%#####2.62%#####2.68%#####73.19%##
1955#20.74%#####2.57%#####2.63%#####74.07%##
1956#19.99%#####2.52%#####2.57%#####74.92%##
1957#19.27%#####2.48%#####2.53%#####75.72%##
1958#18.58%#####2.41%#####2.48%#####76.52%##
1959#17.94%#####2.35%#####2.41%#####77.30%##
1960#17.33%#####2.30%#####2.36%#####78.00%##
1961#16.77%#####2.25%#####2.33%#####78.65%##
1962#16.24%#####2.20%#####2.30%#####79.26%##
1963#15.70%#####2.14%#####2.26%#####79.90%##
1964#15.18%#####2.10%#####2.22%#####80.50%##
1965#14.69%#####2.06%#####2.19%#####81.07%##
1966#14.22%#####2.02%#####2.15%#####81.61%##
1967#13.81%#####1.98%#####2.10%#####82.11%##
1968#13.40%#####1.94%#####2.07%#####82.58%##
1969#13.02%#####1.90%#####2.05%#####83.03%##
1970#12.65%#####1.87%#####2.03%#####83.46%##
1971#12.30%#####1.83%#####2.00%#####83.86%##
1972#11.97%#####1.79%#####1.99%#####84.26%##
1973#11.62%#####1.75%#####1.97%#####84.67%##
1974#11.30%#####1.71%#####1.95%#####85.04%##
1975#11.04%#####1.69%#####1.94%#####85.34%##
1976#10.82%#####1.67%#####1.93%#####85.59%##
1977#10.60%#####1.63%#####1.91%#####85.85%##
1978#10.39%#####1.60%#####1.89%#####86.12%##
1979#10.19%#####1.57%#####1.88%#####86.36%##
1980#10.02%#####1.54%#####1.86%#####86.58%##
1981#9.88%#####1.52%#####1.86%#####86.73%##
1982#9.76%#####1.49%#####1.86%#####86.89%##
1983#9.65%#####1.46%#####1.85%#####87.05%##
1984#9.54%#####1.43%#####1.83%#####87.21%##
1985#9.42%#####1.40%#####1.80%#####87.38%##
1986#9.32%#####1.36%#####1.78%#####87.53%##
1987#9.22%#####1.33%#####1.75%#####87.70%##
1988#9.11%#####1.30%#####1.74%#####87.86%##
1989#9.02%#####1.27%#####1.72%#####88.00%##
1990#8.93%#####1.24%#####1.71%#####88.12%##
1991#8.84%#####1.21%#####1.70%#####88.25%##
1992#8.76%#####1.19%#####1.70%#####88.35%##
1993#8.68%#####1.16%#####1.69%#####88.46%##
1994#8.60%#####1.14%#####1.69%#####88.58%##
1995#8.51%#####1.12%#####1.68%#####88.69%##
1996#8.43%#####1.09%#####1.67%#####88.80%##
1997#8.34%#####1.07%#####1.67%#####88.92%##
1998#8.25%#####1.05%#####1.66%#####89.04%##
1999#8.16%#####1.03%#####1.65%#####89.16%##
2000#8.07%#####1.01%#####1.63%#####89.29%##
2001#7.98%#####0.99%#####1.61%#####89.42%##
2002#7.90%#####0.97%#####1.59%#####89.54%##
2003#7.83%#####0.94%#####1.57%#####89.66%##
2004#7.75%#####0.92%#####1.54%#####89.78%##
2005#7.68%#7.68%#7.68%###0.90%#0.90%#0.90%###1.52%#1.52%#1.52%###89.91%#89.91%#89.91%
2006##7.62%#7.60%####0.88%#0.88%####1.50%#1.49%####90.00%#90.03%
2007##7.56%#7.53%####0.87%#0.86%####1.49%#1.46%####90.08%#90.15%
2008##7.50%#7.46%####0.85%#0.84%####1.48%#1.44%####90.17%#90.26%
2009##7.45%#7.40%####0.84%#0.82%####1.47%#1.42%####90.24%#90.36%
2010##7.40%#7.34%####0.82%#0.80%####1.46%#1.39%####90.32%#90.47%
2011##7.35%#7.28%####0.81%#0.78%####1.45%#1.37%####90.39%#90.56%
2012##7.31%#7.23%####0.80%#0.77%####1.44%#1.35%####90.46%#90.65%
2013##7.27%#7.18%####0.78%#0.75%####1.43%#1.33%####90.52%#90.74%
2014##7.23%#7.13%####0.77%#0.73%####1.42%#1.31%####90.58%#90.83%
2015##7.19%#7.08%####0.76%#0.72%####1.41%#1.29%####90.64%#90.91%
2016##7.15%#7.04%####0.75%#0.70%####1.40%#1.27%####90.70%#90.99%
2017##7.11%#6.99%####0.74%#0.69%####1.39%#1.26%####90.75%#91.06%
2018##7.08%#6.95%####0.73%#0.68%####1.39%#1.24%####90.81%#91.13%
2019##7.04%#6.91%####0.72%#0.66%####1.38%#1.22%####90.86%#91.20%
2020##7.01%#6.88%####0.71%#0.65%####1.37%#1.20%####90.91%#91.27%
2021##6.98%#6.84%####0.70%#0.64%####1.36%#1.19%####90.95%#91.33%
2022##6.95%#6.81%####0.69%#0.63%####1.36%#1.17%####91.00%#91.39%
2023##6.92%#6.77%####0.69%#0.62%####1.35%#1.16%####91.04%#91.45%
2024##6.89%#6.74%####0.68%#0.61%####1.34%#1.14%####91.09%#91.51%
2025##6.86%#6.71%####0.67%#0.60%####1.34%#1.13%####91.13%#91.56%
2026##6.84%#6.68%####0.66%#0.59%####1.33%#1.11%####91.17%#91.61%
2027##6.81%#6.66%####0.66%#0.58%####1.32%#1.10%####91.21%#91.66%
2028##6.79%#6.63%####0.65%#0.57%####1.32%#1.09%####91.25%#91.71%
2029##6.76%#6.60%####0.64%#0.56%####1.31%#1.07%####91.28%#91.76%
2030##6.74%#6.58%####0.64%#0.56%####1.31%#1.06%####91.32%#91.81%
2031##6.71%#6.55%####0.63%#0.55%####1.30%#1.05%####91.35%#91.85%
2032##6.69%#6.53%####0.63%#0.54%####1.30%#1.04%####91.39%#91.89%
2033##6.67%#6.51%####0.62%#0.54%####1.29%#1.02%####91.42%#91.93%
2034##6.64%#6.49%####0.62%#0.53%####1.29%#1.01%####91.45%#91.97%
2035##6.62%#6.47%####0.62%#0.52%####1.28%#1.00%####91.48%#92.01%
2036##6.60%#6.44%####0.61%#0.52%####1.28%#0.99%####91.51%#92.04%
2037##6.58%#6.43%####0.61%#0.51%####1.27%#0.98%####91.54%#92.08%
2038##6.56%#6.41%####0.60%#0.51%####1.27%#0.97%####91.56%#92.11%
2039##6.54%#6.39%####0.60%#0.50%####1.27%#0.96%####91.59%#92.14%
2040##6.52%#6.37%####0.60%#0.50%####1.26%#0.95%####91.62%#92.18%
2041##6.51%#6.36%####0.60%#0.49%####1.26%#0.95%####91.64%#92.20%
2042##6.49%#6.34%####0.59%#0.49%####1.25%#0.94%####91.66%#92.23%
2043##6.47%#6.32%####0.59%#0.49%####1.25%#0.93%####91.69%#92.26%
2044##6.46%#6.31%####0.59%#0.48%####1.25%#0.92%####91.71%#92.28%
2045##6.44%#6.30%####0.59%#0.48%####1.25%#0.92%####91.73%#92.31%
2046##6.43%#6.28%####0.58%#0.48%####1.24%#0.91%####91.75%#92.33%
2047##6.41%#6.27%####0.58%#0.47%####1.24%#0.90%####91.76%#92.35%
2048##6.40%#6.26%####0.58%#0.47%####1.24%#0.90%####91.78%#92.37%
2049##6.39%#6.25%####0.58%#0.47%####1.24%#0.89%####91.80%#92.39%
2050##6.37%#6.24%####0.58%#0.47%####1.23%#0.88%####91.81%#92.41%
